P0: 1495.468642 0.0 961.272442 0.0 0.0 1495.468642 624.89592 0.0 0.0 0.0 1.0 0.0
P1: 1495.468642 0.0 961.272442 0.0 0.0 1495.468642 624.89592 0.0 0.0 0.0 1.0 0.0
P2: 1495.468642 0.0 961.272442 0.0 0.0 1495.468642 624.89592 0.0 0.0 0.0 1.0 0.0
P3: 1495.468642 0.0 961.272442 0.0 0.0 1495.468642 624.89592 0.0 0.0 0.0 1.0 0.0
R0_rect: 1.0 0.0 0.0 0.0 1.0 0.0 0.0 0.0 1.0
Tr_velo_to_cam: -0.013857 -0.9997468 0.01772762 0.05283124 0.10934269 -0.01913807 -0.99381983 0.98100483 0.99390751 -0.01183297 0.1095802 1.44445002
Tr_imu_to_velo: 
